Mpp6:	28.47137298499166
Dfna5:	16.082170014754286
Osbpl3:	18.532447085078665
Cycs:	2.1604938271604945
5430402O13Rik:	0
Mir6371:	0
4921507P07Rik:	18.478338703902615
Npvf:	16.666666666666668
C530044C16Rik:	0
Mir148a:	0
Gm6559:	0
Nfe2l3:	18.795440670440673
Hnrnpa2b1:	1.8918918918918919
Cbx3:	14.907453657453656
Snx10:	16.79451547155827
Skap2:	25.240339637990637
Halr1:	0
Hoxa1:	0.0
Hotairm1:	0
Hoxa2:	0.0
Hoxaas2:	0
Hoxa3:	5.043323139653414
Hoxa4:	0.0
Hoxaas3:	0
Hoxa5:	0.0
Hoxa6:	0.833333333333335
Mira:	0
Hoxa7:	3.7037037037037037
Hoxa9:	5.405405405405405
Mir196b:	0
Hoxa10:	7.327427094868955
Hoxa11:	3.389830508474576
Hoxa11os:	0
Hoxa13:	2.2222222222222223
Hottip:	0
Evx1os:	0
Evx1:	29.33333333333334
1700094M24Rik:	0
Hibadh:	26.226809323681934
Tax1bp1:	33.19484126984128
Jazf1:	24.294865026572353
Gm4872:	0
9430076C15Rik:	0
Creb5:	14.838017461719607
Tril:	10.416666666666666
Cpvl:	17.56314966747789
4921529L05Rik:	0
Chn2:	25.418444928034432
9130019P16Rik:	0
Prr15:	0.0
Wipf3:	11.422773654916512
Scrn1:	10.663802728022912
Fkbp14:	19.225108225108222
Plekha8:	20.290184070671874
Mturn:	4.217355773478223
Znrf2:	12.848248934599912
Nod1:	13.040858318636097
Ggct:	21.368227731864096
Gars:	23.6971361971362
Crhr2:	16.323925887684275
Inmt:	18.666666666666668
Fam188b:	27.081840432180577
Aqp1:	13.84180790960452
Ghrhr:	10.227272727272727
6430584L05Rik:	0
Adcyap1r1:	28.40041035353535
Neurod6:	14.285714285714286
Gm3279:	0
Ccdc129:	14.315259172301348
Ppp1r17:	2.0408163265306123
Pde1c:	26.25939076164146
Lsm5:	7.5
Avl9:	29.072858309990664
Kbtbd2:	8.942307692307692
Fkbp9:	18.696640642972167
Nt5c3:	20.156172940983065
Vmn1r4:	56.66666666666667
Vmn1r5:	50.0
Vmn1r6:	0.0
Vmn1r7:	58.33333333333333
Vmn1r8:	8.333333333333337
Vmn1r9:	0.0
Vmn1r10:	0.0
Vmn1r11:	50.0
Vmn1r12:	0.0
Vmn1r13:	100.0
Vmn1r14:	100.0
Vmn1r15:	25.0
Vmn1r16:	0
Vmn1r17:	0.0
Vmn1r18:	0.0
Vmn1r19:	0.0
Vmn1r20:	0
Ppm1k:	25.010251703289676
Herc6:	20.938237598285596
Pyurf:	45.45454545454545
Lancl2:	23.436768149882905
Vopp1:	12.236426767676765
Vmn1r21:	0.0
Vmn1r22:	0
Vmn1r23:	0
Vmn1r24:	0.0
Vmn1r25:	0.0
Vmn1r26:	0.0
Vmn1r27:	33.333333333333336
Vmn1r28:	0.0
Vmn1r29:	66.66666666666667
Vmn1r30:	25.0
Vmn1r31:	0
Abcg2:	15.652611167317053
Herc3:	35.80980392156864
Nap1l5:	14.74358974358974
Fam13a:	13.210786331823796
Tigd2:	44.80519480519481
Gprin3:	10.638961038961039
